000	0 + 1
001	1 + 1
002	2 + 1
003	3 + 1
004	4 + 1
005	5 + 1
006	6 + 1
007	7 + 1
008	8 + 1
010	9 + 1
011	10 + 1
012	11 + 1
013	12 + 1
014	13 + 2
015	15 + 2
016	17 + 1
017	18 + 1
018	19 + 1
020	20 + 1
021	21 + 1
022	22 + 1
023	23 + 2
024	25 + 2
025	27 + 2
026	29 + 1
027	30 + 1
028	31 + 1
030	32 + 1
031	33 + 1
032	34 + 2
033	36 + 2
034	38 + 2
035	40 + 2
036	42 + 1
037	43 + 1
038	44 + 2
040	46 + 1
041	47 + 1
042	48 + 2
043	50 + 2
044	52 + 1
045	53 + 1
046	54 + 1
047	55 + 1
048	56 + 1
050	57 + 1
051	58 + 2
052	60 + 2
053	62 + 1
054	63 + 1
055	64 + 1
056	65 + 1
057	66 + 1
058	67 + 1
060	68 + 1
061	69 + 2
062	71 + 1
063	72 + 1
064	73 + 1
065	74 + 1
066	75 + 1
067	76 + 1
068	77 + 1
070	78 + 1
071	79 + 2
072	81 + 1
073	82 + 2
074	84 + 1
075	85 + 1
076	86 + 1
077	87 + 1
078	88 + 3
080	91 + 1
081	92 + 2
082	94 + 1
083	95 + 1
084	96 + 3
085	99 + 1
086	100 + 1
087	101 + 1
088	102 + 1
100	103 + 1
101	104 + 1
102	105 + 1
103	106 + 3
104	109 + 2
105	111 + 2
106	113 + 1
107	114 + 1
108	115 + 1
110	116 + 1
111	117 + 1
112	118 + 1
113	119 + 3
114	122 + 2
115	124 + 2
116	126 + 2
117	128 + 1
118	129 + 1
120	130 + 1
121	131 + 1
122	132 + 1
123	133 + 3
124	136 + 2
125	138 + 2
126	140 + 2
127	142 + 1
128	143 + 2
130	145 + 1
131	146 + 1
132	147 + 2
133	149 + 3
134	152 + 2
135	154 + 1
136	155 + 1
137	156 + 1
138	157 + 2
140	159 + 1
141	160 + 1
142	161 + 2
143	163 + 2
144	165 + 1
145	166 + 1
146	167 + 1
147	168 + 1
148	169 + 1
150	170 + 1
151	171 + 1
152	172 + 2
153	174 + 2
154	176 + 1
155	177 + 1
156	178 + 1
157	179 + 1
158	180 + 1
160	181 + 1
161	182 + 2
162	184 + 1
163	185 + 2
164	187 + 1
165	188 + 1
166	189 + 1
167	190 + 1
168	191 + 1
170	192 + 1
171	193 + 2
172	195 + 1
173	196 + 2
174	198 + 1
175	199 + 1
176	200 + 1
177	201 + 1
178	202 + 1
180	203 + 1
181	204 + 2
182	206 + 1
183	207 + 1
184	208 + 2
185	210 + 1
186	211 + 1
187	212 + 3
188	215 + 3
200	218 + 1
201	219 + 1
202	220 + 1
203	221 + 1
204	222 + 3
205	225 + 2
206	227 + 2
207	229 + 2
208	231 + 2
210	233 + 1
211	234 + 1
212	235 + 1
213	236 + 1
214	237 + 3
215	240 + 2
216	242 + 2
217	244 + 2
218	246 + 2
220	248 + 1
221	249 + 1
222	250 + 1
223	251 + 2
224	253 + 2
225	255 + 2
226	257 + 2
227	259 + 2
228	261 + 2
230	263 + 1
231	264 + 1
232	265 + 1
233	266 + 2
234	268 + 3
235	271 + 2
236	273 + 1
237	274 + 2
238	276 + 2
240	278 + 1
241	279 + 1
242	280 + 1
243	281 + 1
244	282 + 3
245	285 + 1
246	286 + 1
247	287 + 1
248	288 + 2
250	290 + 1
251	291 + 1
252	292 + 1
253	293 + 2
254	295 + 3
255	298 + 1
256	299 + 1
257	300 + 1
258	301 + 1
260	302 + 1
261	303 + 1
262	304 + 1
263	305 + 2
264	307 + 1
265	308 + 1
266	309 + 1
267	310 + 1
268	311 + 1
270	312 + 1
271	313 + 1
272	314 + 2
273	316 + 2
274	318 + 1
275	319 + 1
276	320 + 1
277	321 + 1
278	322 + 1
280	323 + 1
281	324 + 2
282	326 + 2
283	328 + 1
284	329 + 2
285	331 + 1
286	332 + 1
287	333 + 1
288	334 + 1
300	335 + 1
301	336 + 1
302	337 + 1
303	338 + 1
304	339 + 2
305	341 + 2
306	343 + 2
307	345 + 2
308	347 + 2
310	349 + 1
311	350 + 1
312	351 + 1
313	352 + 1
314	353 + 2
315	355 + 3
316	358 + 2
317	360 + 2
318	362 + 2
320	364 + 1
321	365 + 1
322	366 + 1
323	367 + 2
324	369 + 2
325	371 + 3
326	374 + 1
327	375 + 2
328	377 + 2
330	379 + 1
331	380 + 1
332	381 + 1
333	382 + 3
334	385 + 3
335	388 + 3
336	391 + 1
337	392 + 2
338	394 + 2
340	396 + 1
341	397 + 1
342	398 + 2
343	400 + 2
344	402 + 3
345	405 + 3
346	408 + 3
347	411 + 2
348	413 + 2
350	415 + 1
351	416 + 1
352	417 + 1
353	418 + 1
354	419 + 1
355	420 + 3
356	423 + 3
357	426 + 2
358	428 + 2
360	430 + 1
361	431 + 1
362	432 + 1
363	433 + 1
364	434 + 2
365	436 + 2
366	438 + 1
367	439 + 2
368	441 + 2
370	443 + 1
371	444 + 1
372	445 + 1
373	446 + 1
374	447 + 2
375	449 + 1
376	450 + 1
377	451 + 1
378	452 + 1
380	453 + 1
381	454 + 1
382	455 + 1
383	456 + 2
384	458 + 2
385	460 + 1
386	461 + 1
387	462 + 1
388	463 + 1
400	464 + 1
401	465 + 1
402	466 + 1
403	467 + 2
404	469 + 2
405	471 + 2
406	473 + 2
407	475 + 2
408	477 + 1
410	478 + 1
411	479 + 1
412	480 + 1
413	481 + 2
414	483 + 3
415	486 + 2
416	488 + 2
417	490 + 2
418	492 + 1
420	493 + 1
421	494 + 1
422	495 + 2
423	497 + 1
424	498 + 1
425	499 + 1
426	500 + 2
427	502 + 1
428	503 + 1
430	504 + 1
431	505 + 1
432	506 + 2
433	508 + 1
434	509 + 1
435	510 + 3
436	513 + 3
437	516 + 1
438	517 + 1
440	518 + 1
441	519 + 1
442	520 + 1
443	521 + 1
444	522 + 1
445	523 + 2
446	525 + 3
447	528 + 2
448	530 + 2
450	532 + 1
451	533 + 1
452	534 + 1
453	535 + 1
454	536 + 1
455	537 + 2
456	539 + 3
457	542 + 2
458	544 + 1
460	545 + 1
461	546 + 1
462	547 + 1
463	548 + 1
464	549 + 1
465	550 + 1
466	551 + 1
467	552 + 2
468	554 + 2
470	556 + 1
471	557 + 1
472	558 + 1
473	559 + 1
474	560 + 1
475	561 + 1
476	562 + 1
477	563 + 1
478	564 + 2
480	566 + 1
481	567 + 1
482	568 + 1
483	569 + 1
484	570 + 1
485	571 + 1
486	572 + 1
487	573 + 1
488	574 + 2
500	576 + 1
501	577 + 1
502	578 + 1
503	579 + 1
504	580 + 2
505	582 + 2
506	584 + 2
507	586 + 1
508	587 + 1
510	588 + 1
511	589 + 1
512	590 + 2
513	592 + 1
514	593 + 2
515	595 + 1
516	596 + 2
517	598 + 1
518	599 + 1
520	600 + 1
521	601 + 1
522	602 + 2
523	604 + 1
524	605 + 2
525	607 + 1
526	608 + 1
527	609 + 1
528	610 + 1
530	611 + 1
531	612 + 1
532	613 + 2
533	615 + 1
534	616 + 2
535	618 + 1
536	619 + 1
537	620 + 2
538	622 + 1
540	623 + 1
541	624 + 1
542	625 + 1
543	626 + 1
544	627 + 1
545	628 + 1
546	629 + 1
547	630 + 2
548	632 + 2
550	634 + 1
551	635 + 1
552	636 + 1
553	637 + 1
554	638 + 1
555	639 + 1
556	640 + 1
557	641 + 3
558	644 + 1
560	645 + 1
561	646 + 1
562	647 + 1
563	648 + 1
564	649 + 1
565	650 + 1
566	651 + 1
567	652 + 1
568	653 + 1
570	654 + 1
571	655 + 1
572	656 + 1
573	657 + 1
574	658 + 1
575	659 + 1
576	660 + 1
577	661 + 1
578	662 + 2
580	664 + 1
581	665 + 1
582	666 + 1
583	667 + 1
584	668 + 1
585	669 + 1
586	670 + 1
587	671 + 2
588	673 + 2
600	675 + 1
601	676 + 1
602	677 + 1
603	678 + 1
604	679 + 1
605	680 + 1
606	681 + 2
607	683 + 1
608	684 + 1
610	685 + 1
611	686 + 1
612	687 + 1
613	688 + 2
614	690 + 1
615	691 + 1
616	692 + 2
617	694 + 1
618	695 + 1
620	696 + 1
621	697 + 1
622	698 + 1
623	699 + 2
624	701 + 2
625	703 + 1
626	704 + 1
627	705 + 1
628	706 + 1
630	707 + 1
631	708 + 1
632	709 + 1
633	710 + 2
634	712 + 1
635	713 + 1
636	714 + 1
637	715 + 2
638	717 + 1
640	718 + 1
641	719 + 1
642	720 + 1
643	721 + 2
644	723 + 1
645	724 + 1
646	725 + 1
647	726 + 2
648	728 + 1
650	729 + 1
651	730 + 1
652	731 + 1
653	732 + 1
654	733 + 1
655	734 + 1
656	735 + 2
657	737 + 2
658	739 + 3
660	742 + 1
661	743 + 1
662	744 + 1
663	745 + 1
664	746 + 1
665	747 + 1
666	748 + 1
667	749 + 2
668	751 + 3
670	754 + 1
671	755 + 1
672	756 + 1
673	757 + 1
674	758 + 1
675	759 + 1
676	760 + 1
677	761 + 1
678	762 + 1
680	763 + 1
681	764 + 1
682	765 + 1
683	766 + 1
684	767 + 1
685	768 + 1
686	769 + 1
687	770 + 1
688	771 + 1
700	772 + 1
701	773 + 1
702	774 + 1
703	775 + 2
704	777 + 2
705	779 + 1
706	780 + 1
707	781 + 1
708	782 + 1
710	783 + 1
711	784 + 1
712	785 + 1
713	786 + 2
714	788 + 2
715	790 + 1
716	791 + 1
717	792 + 1
718	793 + 1
720	794 + 1
721	795 + 1
722	796 + 1
723	797 + 2
724	799 + 1
725	800 + 1
726	801 + 1
727	802 + 2
728	804 + 1
730	805 + 1
731	806 + 1
732	807 + 1
733	808 + 1
734	809 + 1
735	810 + 1
736	811 + 1
737	812 + 2
738	814 + 1
740	815 + 1
741	816 + 1
742	817 + 1
743	818 + 1
744	819 + 2
745	821 + 1
746	822 + 1
747	823 + 1
748	824 + 2
750	826 + 1
751	827 + 1
752	828 + 1
753	829 + 1
754	830 + 2
755	832 + 2
756	834 + 2
757	836 + 2
758	838 + 2
760	840 + 1
761	841 + 1
762	842 + 1
763	843 + 1
764	844 + 1
765	845 + 2
766	847 + 1
767	848 + 2
768	850 + 2
770	852 + 1
771	853 + 1
772	854 + 1
773	855 + 1
774	856 + 1
775	857 + 1
776	858 + 1
777	859 + 2
778	861 + 2
780	863 + 1
781	864 + 1
782	865 + 1
783	866 + 1
784	867 + 1
785	868 + 1
786	869 + 1
787	870 + 2
788	872 + 1
800	873 + 1
801	874 + 1
802	875 + 1
803	876 + 2
804	878 + 2
805	880 + 1
806	881 + 1
807	882 + 2
808	884 + 1
810	885 + 1
811	886 + 1
812	887 + 1
813	888 + 2
814	890 + 2
815	892 + 1
816	893 + 1
817	894 + 2
818	896 + 1
820	897 + 1
821	898 + 1
822	899 + 1
823	900 + 2
824	902 + 1
825	903 + 1
826	904 + 1
827	905 + 2
828	907 + 1
830	908 + 3
831	911 + 1
832	912 + 1
833	913 + 1
834	914 + 1
835	915 + 1
836	916 + 1
837	917 + 1
838	918 + 2
840	920 + 1
841	921 + 1
842	922 + 1
843	923 + 1
844	924 + 1
845	925 + 1
846	926 + 1
847	927 + 1
848	928 + 2
850	930 + 1
851	931 + 1
852	932 + 1
853	933 + 2
854	935 + 2
855	937 + 1
856	938 + 1
857	939 + 2
858	941 + 2
860	943 + 1
861	944 + 1
862	945 + 1
863	946 + 1
864	947 + 1
865	948 + 1
866	949 + 2
867	951 + 2
868	953 + 1
870	954 + 1
871	955 + 2
872	957 + 1
873	958 + 1
874	959 + 1
875	960 + 1
876	961 + 2
877	963 + 2
878	965 + 1
880	966 + 1
881	967 + 1
882	968 + 1
883	969 + 2
884	971 + 1
885	972 + 2
886	974 + 1
887	975 + 1
888	976 + 1
